# x_pixel   y_pixel     width   depth
#303         77          5       .5
#974         77          5       1   
#1633        73          5       2       
275         226         10      .5
#964         226         10      1
1648        232         10      2
243         380         20      .5
965         380         20      1
1672        382         20      2
225         708         25      .5
953         704         25      1
1673        705         25      2
216         852         30      .5
950         852         30      1
1670        852         30      2